0.81337
0.13044
-1.0311
-0.16076
0.95588
0.31028
-0.94175
-0.4062
0.88652
0.51176
-0.8312
-0.60341
0.76548
0.68598
-0.69258
-0.75848
0.61402
0.82126
-0.53134
-0.87409
0.446
0.91705
-0.3594
-0.95045
0.27226
0.97479
-0.18563
-0.99124
0.10051
0.9999
-0.017713
-1.0014
-0.062225
0.99637
0.13898
-0.98567
-0.21205
0.97056
0.28105
-0.95115
-0.34571
0.9281
0.40622
-0.90209
-0.46246
0.87381
0.51437
-0.84435
-0.5619
0.81364
0.60515
-0.78218
-0.6447
0.75048
0.68048
-0.71903
-0.71258
0.68859
0.74115
-0.65893
-0.76639
0.63039
0.78905
-0.60327
-0.80894
0.57787
0.82621
-0.55467
-0.84101
0.53339
0.85352
-0.51419
-0.86447
0.49724
0.87356
-0.48273
-0.88086
0.47095
0.88645
-0.46157
-0.89043
0.45467
0.89344
-0.45035
-0.89503
0.44868
0.89519
-0.44989
-0.89388
0.45361
0.8911
-0.45986
-0.88735
0.46865
0.88209
-0.47999
-0.87516
0.49408
0.86646
-0.51047
-0.85583
0.5291
0.84367
-0.54989
-0.82935
0.57275
0.81264
-0.59783
-0.79332
0.62456
0.77119
-0.65271
-0.74649
0.68208
0.71863
-0.71243
-0.68733
0.74381
0.65237
-0.77543
-0.61355
0.80687
0.57106
-0.83771
-0.52444
0.86749
0.47353
-0.89616
-0.41825
0.92263
0.35857
-0.94628
-0.29471
0.96645
0.22664
-0.98251
-0.15451
0.99426
0.078578
-1.0004
0.00078275
1.0003
-0.08309
-0.99323
0.16772
0.97844
-0.25396
-0.95584
0.34098
0.92434
-0.42781
-0.88342
0.51358
0.83273
-0.59682
-0.772
0.67623
0.70155
-0.75035
-0.62107
0.81771
0.53087
-0.87713
-0.43153
0.92665
0.32382
-0.96469
-0.20899
0.98974
0.088223
-1.0004
0.036815
0.99585
-0.16418
-0.97464
0.29164
0.93598
-0.41691
-0.87944
0.53718
0.80501
-0.6496
-0.71341
0.75125
0.60517
-0.83914
-0.48171
0.91076
0.34505
-0.96303
-0.19775
0.99349
0.042934
-1.0001
0.11589
0.98131
-0.27463
-0.93657
0.42882
0.86531
-0.57372
-0.76821
0.70477
0.64686
-0.817
-0.50381
0.90584
0.34271
-0.96718
-0.16779
0.99755
-0.015597
-0.99472
0.20132
0.95681
-0.38269
-0.88357
0.55284
0.77615
-0.70459
-0.63724
0.83102
0.47114
-0.92579
-0.28331
0.98347
0.080846
-1.0003
0.12795
0.97331
-0.33387
-0.90204
0.52741
0.78796
-0.69881
-0.63482
0.83871
0.44873
-0.93884
-0.23759
0.99242
0.011457
-0.99503
0.21812
0.94433
-0.43865
-0.84108
0.63758
0.68919
-0.80261
-0.49572
0.92273
0.27069
-0.98902
-0.026551
0.99544
-0.22211
-0.93961
0.4595
0.82276
-0.66966
-0.65049
0.83777
0.43259
-0.9508
-0.18261
0.99897
-0.082913
-0.97667
0.3454
0.88321
-0.58536
-0.7233
0.7839
0.50681
-0.92441
-0.24882
0.9941
-0.031464
-0.98507
0.31197
0.89563
-0.5696
-0.73077
0.78195
0.5023
-0.92934
-0.22811
0.99685
-0.06894
-0.97608
0.36264
0.86636
-0.62578
-0.67523
0.83276
0.41849
-0.9622
-0.11912
0.9993
-0.19461
-0.93778
0.49171
0.78112
-0.74146
-0.54286
0.91656
0.24572
-0.99646
0.080251
0.96999
-0.40036
-0.83716
0.679
0.61001
-0.88376
-0.31185
0.98922
-0.02471
-0.98063
0.3611
0.85607
-0.65717
-0.62764
0.87604
0.32071
-0.98874
0.028563
0.97849
-0.37704
-0.84359
0.67987
0.59837
-0.89637
-0.27253
0.99572
-0.092243
-0.9616
0.44726
0.79566
-0.74327
-0.51789
0.93728
0.16499
-0.99947
0.21413
0.91778
-0.56483
-0.70095
0.83468
0.37825
-0.98131
0.0039707
0.97964
-0.38833
-0.82665
0.715
0.54286
-0.93104
-0.17073
0.99946
-0.23153
-0.90569
0.59864
0.66198
-0.86887
-0.30594
0.99441
-0.10438
-0.95099
0.49949
0.74261
-0.80998
-0.40248
0.97935
-0.01149
-0.97432
0.42606
0.79227
-0.7654
-0.4632
0.96504
0.045482
-0.98467
0.38347
0.81702
-0.74164
-0.49052
0.95806
0.066168
-0.98743
0.37389
0.81996
-0.74166
-0.48603
0.96108
0.050745
-0.98383
0.39766
0.8018
-0.76541
-0.44957
0.97262
-0.0007569
-0.97205
0.45359
0.75998
-0.80959
-0.37929
0.98824
-0.088179
-0.94624
0.53837
0.68917
-0.86814
-0.27229
0.99907
-0.21032
-0.89706
0.64609
0.58218
-0.93043
-0.12594
0.99223
-0.36323
-0.8126
0.76602
0.43139
-0.98106
0.059361
0.95127
-0.53773
-0.67969
0.88149
0.23238
-0.99971
0.27754
0.85737
-0.71732
-0.48817
0.96917
-0.013111
-0.962
0.51346
0.69399
-0.87644
-0.23438
0.99934
-0.29253
-0.84445
0.74022
0.45096
-0.98024
0.07287
0.94095
-0.57843
-0.62931
0.91802
0.13218
-0.98952
0.4065
0.76757
-0.82627
-0.31423
0.99884
-0.23661
-0.86789
0.71748
0.46913
-0.97858
0.077479
0.93502
-0.60224
-0.59601
0.93827
0.06528
-0.97507
0.48893
0.69637
-0.8865
-0.18865
0.99457
-0.38372
-0.77308
0.8306
0.2915
-0.99976
0.29095
0.82974
-0.77646
-0.37406
0.99622
-0.21339
-0.86998
0.7286
0.43726
-0.9886
0.1527
0.89715
-0.69033
-0.4823
0.98052
-0.10976
-0.91397
0.66391
0.51032
-0.97456
0.084998
0.9224
-0.65074
-0.52218
0.97228
-0.078574
-0.92348
0.65147
0.51826
-0.97421
0.090522
0.91739
-0.66604
-0.49842
0.97991
-0.12077
-0.90331
0.69377
0.46204
-0.98795
0.16912
0.87954
-0.73318
-0.40809
0.99582
-0.23503
-0.84359
0.78189
0.33536
-1
0.31741
0.79228
-0.8365
-0.24271
0.996
-0.41433
-0.72199
0.89235
0.12953
-0.97826
0.52257
0.62908
-0.94339
0.0038309
0.9406
-0.6373
-0.51036
0.98218
-0.15538
-0.87648
0.75167
0.36386
-0.99998
0.32087
0.77971
-0.85666
-0.18961
0.98721
-0.4932
-0.64536
0.94102
-0.0093305
-0.93421
0.66193
0.47093
-0.99183
0.22593
0.83249
-0.81319
-0.2578
0.99536
-0.44836
-0.67637
0.93014
0.012697
-0.93879
0.65975
0.46503
-0.99415
0.2511
0.81244
-0.83859
-0.20462
0.98708
-0.51313
-0.6127
0.96033
-0.089842
-0.89438
0.74625
0.34505
-1.0004
0.39355
0.70909
-0.91875
-0.026675
0.9384
-0.67249
-0.43616
0.99841
-0.31211
-0.76394
0.8864
0.095955
-0.95855
0.62884
0.48206
-0.99437
0.27403
0.78546
-0.87314
-0.11802
0.96318
-0.62087
-0.48599
0.99467
-0.28104
-0.77726
0.88253
0.093127
-0.95445
0.64929
0.44823
-0.99912
0.33295
0.73788
-0.91182
-0.020991
0.9282
-0.71092
-0.36611
1.0005
-0.4271
-0.66109
0.95274
-0.098381
-0.874
0.79705
0.23539
-0.98561
0.55675
0.53725
-0.98967
0.26225
0.77726
-0.89198
-0.0531
0.9348
-0.70829
-0.35687
0.99956
-0.46124
-0.62111
0.9712
-0.17769
-0.8244
0.85786
0.11516
-0.95302
0.67494
0.39207
-1.0009
0.44192
0.63184
-0.96983
0.18036
0.81835
-0.86753
-0.088309
0.94164
-0.70636
-0.34439
0.99759
-0.50162
-0.57134
0.98735
-0.26991
-0.75668
0.91652
-0.027906
-0.89221
0.7939
0.20925
-0.9739
0.63077
0.4286
-1.0014
0.43927
0.6199
-0.97788
0.2316
0.7757
-0.90876
0.019268
0.89158
-0.80129
-0.18743
0.96584
-0.66367
-0.3799
0.99912
-0.50451
-0.55154
0.99398
-0.3323
-0.69771
0.95435
-0.15476
-0.81564
0.8852
0.021347
-0.90412
0.79194
0.19035
-0.96339
0.68016
0.34767
-0.99488
0.55528
0.48989
-1.0009
0.42249
0.61486
-0.98434
0.28639
0.72143
-0.94857
0.15084
0.80938
-0.89696
0.018978
0.87914
-0.83285
-0.1067
0.93159
-0.75944
-0.22422
0.96814
-0.67972
-0.33224
0.99049
-0.59653
-0.43001
1.0006
-0.51219
-0.51732
1.0004
-0.42863
-0.59429
0.99186
-0.34741
-0.66131
0.97668
-0.2698
-0.71877
0.95659
-0.19698
-0.76738
0.93323
-0.12975
-0.80802
0.90826
-0.0686
-0.84162
0.8828
-0.013774
-0.86915
0.85788
0.034566
-0.89119
0.83437
0.0762
-0.90846
0.81307
0.11098
-0.92167
0.79492
0.13898
-0.93149
0.78027
0.16035
-0.93863
0.76941
0.17522
-0.94312
0.76252
0.18357
-0.94514
0.75978
0.18525
-0.94485
0.7616
0.1803
-0.94233
0.76777
0.16885
-0.93776
0.77801
0.15093
-0.93047
0.79201
0.12642
-0.92004
0.8094
0.095059
-0.90603
0.83014
0.056893
-0.88796
0.85336
0.012061
-0.86544
0.87816
-0.039272
-0.83725
0.90357
-0.097153
-0.80255
0.92856
-0.16142
-0.76056
0.9524
-0.23154
-0.71057
0.97329
-0.3067
-0.652
0.98952
-0.38595
-0.58368
0.99936
-0.46851
-0.5051
1.0011
-0.55285
-0.41606
0.99321
-0.63703
-0.31671
0.97335
-0.71874
-0.2074
0.93949
-0.79545
-0.088614
0.88996
-0.8649
0.038173
0.82343
-0.92362
0.17081
0.73918
-0.96811
0.30653
0.63608
-0.99487
0.44242
0.51431
-1.0007
0.57442
0.37502
-0.98294
0.6977
0.2204
-0.93846
0.80699
0.053476
-0.86521
0.89677
-0.12178
-0.76237
0.96209
-0.2997
-0.63053
0.99707
-0.47344
-0.47184
0.99673
-0.63532
-0.28947
0.95729
-0.77763
-0.089108
0.87665
-0.8915
0.12146
0.75499
-0.96835
0.33268
0.59369
-1.0006
0.53408
0.39765
-0.9826
0.71362
0.17484
-0.91136
0.85875
-0.0638
-0.78576
0.95754
-0.30518
-0.60905
0.99985
-0.53399
-0.38885
0.97895
-0.73338
-0.13716
0.89055
-0.88662
0.13039
0.73586
-0.97874
0.39493
0.52199
-0.9987
0.63498
0.26209
-0.93889
0.8286
-0.025257
-0.79869
0.95571
-0.31701
-0.5852
1.001
-0.58642
-0.31359
0.95391
-0.80597
-0.0064241
0.81303
-0.95046
0.30792
0.58689
-1.0008
0.59653
0.29453
-0.94514
0.82599
-0.035702
-0.78308
0.9666
-0.36837
-0.52736
0.99719
-0.66354
-0.20374
0.90696
-0.88221
0.15104
0.70046
-0.99191
0.49279
0.39859
-0.97265
0.7744
0.037644
-0.81942
0.95309
-0.3347
-0.54698
0.9976
-0.66474
-0.1896
0.89496
-0.90009
0.2022
0.65283
-0.99905
0.56853
0.30296
-0.93897
0.84836
-0.10201
-0.72259
0.99009
-0.49563
-0.37898
0.96246
-0.8087
0.036809
0.76262
-0.98058
0.45186
0.41989
-0.97254
0.78779
-0.0075642
-0.77803
0.97646
-0.43959
-0.42747
0.97326
-0.78903
0.014481
0.77041
-0.97978
0.45955
0.40239
-0.96499
0.81178
-0.057545
-0.73872
0.9892
-0.51065
-0.34329
0.94433
-0.8527
0.1364
0.67916
-0.99844
0.58952
0.24795
-0.90479
0.90484
-0.2495
-0.58582
0.9978
-0.68994
-0.1143
0.83591
-0.95701
0.39272
0.4523
-0.97377
0.80063
-0.05752
-0.72597
0.99371
-0.55726
-0.2731
0.90989
-0.90494
0.26266
0.56378
-0.99409
0.7274
0.047733
-0.78913
0.9798
-0.48826
-0.34233
0.93491
-0.87925
0.2155
0.59667
-0.99673
0.71068
0.063804
-0.79394
0.97979
-0.49527
-0.32696
0.92583
-0.89419
0.25501
0.55669
-0.99094
0.75473
-0.0092617
-0.74201
0.99335
-0.57746
-0.22559
0.877
-0.94182
0.37797
0.43722
-0.96109
0.84641
-0.17067
-0.6175
0.99723
-0.71876
-0.032802
0.76236
-0.99087
0.5701
0.22349
-0.8705
0.94956
-0.41039
-0.39503
0.94366
-0.88075
0.24838
0.54381
-0.98509
0.79226
-0.090819
-0.66846
0.99922
-0.69138
-0.057406
0.76903
-0.99131
0.58422
0.19269
-0.84725
0.96632
-0.47616
-0.31326
0.90535
-0.92923
0.37136
0.4183
-0.94632
0.8846
-0.2728
-0.50779
0.97327
-0.8363
0.18304
0.5827
-0.98921
0.78774
-0.10335
-0.64381
0.99704
-0.74173
0.034784
0.69272
-0.99928
0.70021
0.022042
-0.73059
0.99827
-0.66515
-0.06725
0.75867
-0.99564
0.63765
0.10038
-0.77819
0.99297
-0.61852
-0.12184
0.78962
-0.99107
0.6086
0.13156
-0.79388
0.99053
-0.60776
-0.12944
0.79081
-0.99166
0.61641
0.11588
-0.78043
0.99381
-0.63414
-0.09029
0.76239
-0.99669
0.66028
0.053038
-0.73556
0.99894
-0.69441
-0.0039181
0.69944
-0.99901
0.73486
-0.057166
-0.65231
0.99527
-0.78038
0.12944
0.59308
-0.98483
0.82885
-0.21284
-0.52063
0.96551
-0.8772
0.30588
0.43327
-0.93417
0.92282
-0.40674
-0.33081
0.8875
-0.96133
0.51331
0.21264
-0.823
0.98847
-0.62145
-0.079361
0.73721
-0.9997
0.72714
-0.066802
-0.62843
0.98908
-0.82473
0.22338
0.49561
-0.95231
0.90706
-0.3852
-0.3385
0.88447
-0.96753
0.54562
0.15991
-0.78173
0.99773
-0.69691
0.035995
0.64289
-0.99005
0.82847
-0.24221
-0.46777
0.93827
-0.92965
0.44816
0.26043
-0.83661
0.98922
-0.6418
-0.028663
0.68397
-0.99548
0.8082
-0.21657
-0.48265
0.94067
-0.93067
0.45917
0.23954
-0.81939
0.99441
-0.67963
0.031435
0.63168
-0.98532
0.85729
-0.31129
-0.38555
0.89446
-0.9698
0.57604
0.095639
-0.72067
0.9984
-0.79721
0.21453
0.47041
-0.93054
0.94695
-0.51385
-0.16233
0.76135
-1.0006
0.76772
-0.17424
-0.50031
0.94013
-0.94048
0.50166
0.17016
-0.76213
1.0004
-0.7759
0.19297
0.47833
-0.92887
0.95278
-0.5407
-0.11845
0.72307
-0.99785
0.8191
-0.26956
-0.4016
0.89107
-0.97853
0.62589
0.0069336
-0.63613
0.98084
-0.88783
0.39974
0.26519
-0.81193
0.99954
-0.74592
0.1639
0.4895
-0.92745
0.95963
-0.57279
-0.06347
0.67156
-0.98739
0.87589
-0.38612
-0.26989
0.80928
-1.0003
0.76315
-0.20005
-0.4481
0.9051
-0.97676
0.63481
-0.024837
-0.59529
0.96442
-0.9274
0.50199
0.13291
-0.71194
0.99417
-0.86229
0.37326
0.26964
-0.80077
1.0018
-0.79007
0.25477
0.38416
-0.86574
0.99435
-0.71782
0.15058
0.47693
-0.91129
0.97825
-0.65103
0.063104
0.54935
-0.94182
0.95881
-0.59374
-0.0063953
0.60324
-0.96122
0.94026
-0.54881
-0.057462
0.64044
-0.97267
0.92575
-0.51811
-0.089987
0.66247
-0.97847
0.91734
-0.50281
-0.10408
0.67032
-0.97997
0.91616
-0.50338
-0.099785
0.66439
-0.97753
0.92236
-0.51983
-0.077077
0.64437
-0.97052
0.93516
-0.55161
-0.035872
0.60932
-0.95733
0.95279
-0.59755
0.023874
0.55779
-0.9354
0.97248
-0.6557
0.10195
0.48797
-0.90135
0.99036
-0.72314
0.19754
0.39797
-0.8511
1.0014
-0.79573
0.30894
0.28633
-0.7802
0.99969
-0.86787
0.43301
0.15241
-0.68426
0.9782
-0.93237
0.56475
-0.0028532
-0.55954
0.92955
-0.98046
0.6969
-0.17627
-0.40382
0.84654
-1.002
0.81968
-0.36167
-0.21739
0.72309
-0.98627
0.92082
-0.54927
-0.0041577
0.5556
-0.92279
0.98609
-0.72542
0.2273
0.34447
-0.80316
1.0004
-0.87285
0.46292
0.095789
-0.623
0.9497
-0.97169
0.68308
-0.17729
-0.38439
0.82358
-1.0016
0.86332
-0.45371
-0.098101
0.6185
-0.945
0.97662
-0.70496
0.21475
0.34115
-0.79111
0.99712
-0.8972
0.52239
0.011237
-0.54077
0.90541
-0.99558
0.78439
-0.33732
-0.21061
0.69472
-0.97069
0.9564
-0.65787
0.16447
0.37701
-0.80666
0.99798
-0.89626
0.53211
-0.012971
-0.50933
0.88281
-1.0001
0.82818
-0.41765
-0.11237
0.60946
-0.93169
0.9877
-0.76263
0.3216
0.20996
-0.68154
0.96068
-0.96974
0.7075
-0.24785
-0.28007
0.72954
-0.97631
0.95331
-0.66748
0.19887
0.32365
-0.75698
0.98365
-0.94248
0.64616
-0.17556
-0.34165
0.76644
-0.98505
0.94021
-0.64476
0.17839
0.33467
-0.75849
0.9818
-0.94669
0.66348
-0.20723
-0.30243
0.73268
-0.97245
0.96044
-0.70093
0.26151
0.24419
-0.68684
0.95369
-0.97785
0.75402
-0.34006
-0.15909
0.61742
-0.92045
0.99296
-0.81802
0.44003
0.046284
-0.52054
0.86582
-0.99792
0.88544
-0.55698
0.093337
0.39226
-0.78206
0.98261
-0.94633
0.683
-0.25665
-0.23017
0.66163
-0.93538
0.98753
-0.80677
0.43669
0.035313
-0.49813
0.84423
-0.99368
0.91268
-0.62098
0.18693
0.28945
-0.69883
0.94794
-0.98107
0.79168
-0.42342
-0.039648
0.49291
-0.83516
0.99014
-0.92425
0.65333
-0.23824
-0.22893
0.64473
-0.91841
0.99091
-0.84711
0.51936
-0.079834
-0.37632
0.7507
-0.96307
0.96905
-0.76835
0.40436
0.044643
-0.48327
0.81954
-0.98295
0.94008
-0.70127
0.31693
0.13269
-0.55381
0.86002
-0.9892
0.9153
-0.65462
0.26141
0.1843
-0.59197
0.87931
-0.98962
0.90155
-0.63337
0.23985
0.20042
-0.60054
0.88134
-0.98832
0.90191
-0.63945
0.25292
0.18161
-0.58031
0.86666
-0.98572
0.916
-0.67187
0.30016
0.12757
-0.53017
0.83249
-0.97791
0.93989
-0.72718
0.37969
0.037653
-0.44689
0.77313
-0.95735
0.96596
-0.79874
0.4872
-0.087898
-0.32637
0.68091
-0.91315
0.98199
-0.87575
0.61504
-0.24618
-0.16551
0.54699
-0.83202
0.972
-0.94259
0.75027
-0.42935
0.035064
0.36434
-0.70044
0.91711
-0.97796
0.87322
-0.62239
0.26768
0.13126
-0.50713
0.79802
-0.95688
0.9574
-0.80093
0.51417
-0.14394
-0.24869
0.59996
-0.85411
0.97048
-0.9309
0.74365
-0.43847
0.064357
0.31865
-0.65073
0.8806
-0.97211
0.91251
-0.71202
0.40172
-0.030728
-0.34395
0.66565
-0.88523
0.96987
-0.9087
0.71069
-0.40662
0.043028
0.32627
-0.64656
0.87026
-0.96581
0.91985
-0.73933
0.45241
-0.10063
-0.26512
0.59154
-0.83233
0.95449
-0.94027
0.79316
-0.53501
0.20198
0.15823
-0.49524
0.76307
-0.92462
0.95801
-0.86072
0.64572
-0.34328
-0.004477
0.35088
-0.64944
0.85976
-0.95514
0.92347
-0.76912
0.51447
-0.19281
-0.15352
0.47854
-0.74048
0.90665
-0.95514
0.88125
-0.69539
0.42113
-0.094725
-0.24262
0.54894
-0.78553
0.92326
-0.9469
0.85297
-0.65438
0.3766
-0.053299
-0.27546
0.56964
-0.79474
0.92376
-0.94154
0.8481
-0.65403
0.38324
-0.068664
-0.25323
0.54486
-0.77198
0.90962
-0.9423
0.86642
-0.6928
0.44074
-0.13942
-0.17628
0.47132
-0.71325
0.87469
-0.93919
0.90022
-0.7621
0.54194
-0.26337
-0.043079
0.34357
-0.60621
0.80381
-0.9148
0.92889
-0.84528
0.67273
-0.43116
0.14542
0.15472
-0.43762
0.67461
-0.84256
0.92379
-0.91155
0.80782
-0.62293
0.37713
-0.094599
-0.19662
0.46721
-0.69099
0.84727
-0.92027
0.90439
-0.80186
0.62246
-0.38502
0.1118
0.17127
-0.437
0.66084
-0.82303
0.90796
-0.90922
0.82735
-0.6698
0.45265
-0.19523
-0.079035
0.34495
-0.57912
0.76163
-0.87585
0.91308
-0.87063
0.75221
-0.56991
0.33904
-0.079854
-0.18487
0.43295
-0.64394
0.79972
-0.88844
0.90315
-0.84271
0.71399
-0.52705
0.29787
-0.04576
-0.20918
0.44651
-0.64703
0.79572
-0.8811
0.89656
-0.84274
0.72329
-0.54845
0.33245
-0.091653
-0.15502
0.38883
-0.59269
0.75129
-0.85301
0.89184
-0.8644
0.77388
-0.62759
0.43608
-0.21433
-0.021894
0.25574
-0.47032
0.65069
-0.78514
0.8639
-0.8826
0.8405
-0.74056
0.59113
-0.40203
0.1866
0.04023
-0.26341
0.46831
-0.64121
0.77149
-0.85097
0.87461
-0.84242
0.75608
-0.62204
0.4494
-0.24905
0.034213
0.18176
-0.38561
0.56476
-0.70838
0.80873
-0.85946
0.85848
-0.80638
0.7064
-0.56568
0.39227
-0.19684
-0.0089663
0.21328
-0.4045
0.57168
-0.70584
0.79976
-0.84833
0.85008
-0.80469
0.71553
-0.58796
0.42904
-0.24811
0.054728
0.1406
-0.3275
0.4962
-0.63843
0.74676
-0.81621
0.84369
-0.82801
0.77106
-0.67557
0.54704
-0.39219
0.21882
-0.035812
-0.14803
0.32373
-0.48308
0.6185
-0.72424
0.79537
-0.82914
0.82445
-0.7818
0.70402
-0.59463
0.45918
-0.30396
0.13612
0.036729
-0.20707
0.36738
-0.51104
0.6319
-0.72535
0.78761
-0.81651
0.81131
-0.77254
0.70249
-0.60414
0.48203
-0.34122
0.18769
-0.027691
-0.13254
0.28653
-0.42866
0.55338
-0.65634
0.7339
-0.7834
0.80347
-0.7937
0.75496
-0.68893
0.59852
-0.48711
0.35916
-0.21936
0.072648
0.075479
-0.22025
0.35648
-0.47974
0.5862
-0.67227
0.73561
-0.77438
0.78766
-0.77545
0.73849
-0.6782
0.59706
-0.49774
0.3836
-0.2586
0.12633
0.0087093
-0.14258
0.27147
-0.39123
0.49894
-0.59142
0.66617
-0.72163
0.7562
-0.76938
0.76127
-0.73212
0.68333
-0.61651
0.53345
-0.43708
0.32979
-0.21461
0.094988
0.026498
-0.14625
0.26141
-0.36946
0.4673
-0.55322
0.62515
-0.68133
0.72121
-0.74367
0.74862
-0.73652
0.70738
-0.66266
0.60351
-0.53118
0.44808
-0.35568
0.25631
-0.15255
0.046034
0.060366
-0.16465
0.26499
-0.35878
0.4449
-0.52151
0.58698
-0.6409
0.68177
-0.7094
0.72372
-0.72402
0.71132
-0.68573
0.64779
-0.59904
0.5387
-0.46845
0.38851
-0.29915
0.20106
-0.092876
-0.026599
0.16305
-0.33627
0
0
0
